11049500.0
11683000.0
10633000.0
10685500.0
10496500.0
11088000.0
10412500.0
10465000.0
10430000.0
10965500.0
10703000.0
10503500.0
11823000.0
11144000.0
10636500.0
10468500.0
10650500.0
11025000.0
10972500.0
11357500.0
10759000.0
10580500.0
10605000.0
10745000.0
10797500.0
10881500.0
10657500.0
10692500.0
10696000.0
10850000.0
11095000.0
11536000.0
10857000.0
11336500.0
10934000.0
10811500.0
10815000.0
10843000.0
10937500.0
12092500.0
11231500.0
10867500.0
11567500.0
10808000.0
12057500.0
11921000.0
11938500.0
11966500.0
11441500.0
13608000.0
11329500.0
11340000.0
11046000.0
11420500.0
11168500.0
10927000.0
10969000.0
11270000.0
12148500.0
11732000.0
12551000.0
11522000.0
13006000.0
12950000.0
12484500.0
12460000.0
12281500.0
12229000.0
11973500.0
12421500.0
12131000.0
12705000.0
12827500.0
12327000.0
12747000.0
12281500.0
12554500.0
12320000.0
12551000.0
13503000.0
12341000.0
12404000.0
12691000.0
12803000.0
12288500.0
13072500.0
12498500.0
12414500.0
12208000.0
11294500.0
12642000.0
12316500.0
12260500.0
12474000.0
12523000.0
12432000.0
12617500.0
12621000.0
12481000.0
12715500.0
12778500.0
13146000.0
13272000.0
12460000.0
12817000.0
12603500.0
12614000.0
12582500.0
12726000.0
12666500.0
12309500.0
12453000.0
12505500.0
12516000.0
13083000.0
12519500.0
13384000.0
14080500.0
12806500.0
12964000.0
