10080000
11886000
10724000
10297000
10486000
13062000
11921000
10115000
12908000
21483000
18361000
10549000
10465000
10227000
11053000
10927000
12908000
10241000
10773000
10416000
10724000
10339000
10248000
10339000
10346000
10374000
10598000
10465000
10360000
10297000
10353000
11627000
13496000
15218000
15260000
10542000
10339000
11011000
11760000
17066000
12950000
14749000
15148000
11473000
11473000
11438000
11095000
11046000
11396000
15449000
11207000
11592000
11900000
12124000
10927000
10682000
11221000
11354000
10710000
12978000
11130000
11067000
11291000
11130000
10885000
10969000
16422000
11130000
15645000
16128000
12166000
10619000
11249000
11970000
10745000
11718000
13132000
10661000
12635000
12208000
12607000
11522000
11522000
10640000
12544000
11473000
11473000
13160000
13720000
14154000
12047000
11228000
10780000
17430000
12992000
11949000
11648000
12551000
14623000
11522000
11200000
11340000
13188000
11508000
10591000
11340000
12474000
11011000
11081000
13111000
10731000
10892000
13237000
12775000
11508000
13419000
12096000
11942000
13216000
14805000
13300000
12789000
10563000
10514000
12656000
12803000
10381000
10318000
10346000
10283000
10388000
14028000
10710000
11130000
12789000
16660000
11326000
10871000
11312000
11333000
10983000
10948000
10794000
10927000
11452000
12369000
11578000
11298000
11326000
11123000
10829000
10584000
10374000
10290000
10297000
10346000
10689000
10311000
10325000
10416000
10682000
10381000
10612000
11739000
10290000
10318000
10318000
10283000
10339000
10304000
10283000
10325000
10353000
10290000
10325000
10654000
10283000
10367000
10850000
14770000
14224000
12215000
11081000
10808000
12719000
11473000
11410000
12075000
11151000
10892000
11193000
10836000
10605000
11025000
10353000
10346000
10325000
10318000
10731000
11039000
10549000
10661000
14378000
10941000
11543000
11039000
10927000
10738000
10381000
10493000
10409000
10738000
11816000
11277000
10612000
10430000
10353000
10381000
10374000
10346000
10465000
10507000
10409000
10423000
10962000
10528000
10710000
14308000
12705000
10941000
10598000
14042000
10507000
10472000
10479000
10451000
10367000
10416000
10500000
10465000
10493000
10521000
10500000
10416000
13069000
12803000
11480000
13496000
11662000
11193000
14063000
11767000
11193000
10717000
11620000
12803000
11977000
10577000
10423000
10360000
10283000
10395000
10332000
10507000
10892000
12439000
11165000
10913000
14420000
11914000
10437000
10339000
10346000
10374000
10584000
10479000
10367000
10346000
10458000
10542000
10542000
10416000
11508000
10605000
10388000
10416000
10367000
10465000
10451000
10941000
10542000
10332000
10339000
10332000
10430000
10353000
10367000
10332000
10395000
10367000
10339000
10353000
10717000
10605000
10353000
10346000
10381000
10332000
10479000
10360000
10332000
10381000
10388000
10458000
10353000
10332000
10472000
12173000
13363000
11165000
11032000
14686000
12236000
12775000
13251000
13195000
12418000
11144000
10556000
10451000
13041000
13069000
12628000
12404000
12789000
13692000
13699000
16282000
12523000
14350000
16079000
13846000
15274000
10878000
12845000
14028000
10766000
14266000
10514000
10549000
10493000
10297000
10472000
10276000
12334000
10738000
10920000
11270000
11158000
15848000
10605000
12642000
10626000
10388000
10430000
10430000
10626000
10899000
10479000
10402000
10430000
10437000
10395000
10395000
10444000
10388000
10486000
10353000
10332000
10388000
10416000
10381000
10451000
10479000
10402000
10388000
10388000
10402000
10500000
10451000
10395000
10395000
10388000
10437000
10472000
10409000
10395000
10381000
10416000
10430000
10388000
10381000
10395000
10395000
10402000
10402000
10451000
10444000
10423000
10444000
10374000
10395000
10374000
10318000
10535000
13426000
10780000
10535000
10402000
10787000
13608000
10801000
10409000
10395000
10423000
10416000
10444000
10430000
10402000
10430000
10416000
10395000
10395000
10409000
10395000
10486000
10409000
10416000
10423000
10395000
10451000
10703000
10521000
10507000
10920000
10815000
10521000
10570000
10605000
10542000
10472000
10437000
10570000
11011000
10479000
10710000
10738000
10619000
12558000
10661000
10829000
11123000
10857000
10633000
10444000
10444000
10647000
10479000
10668000
10458000
10409000
10472000
10416000
10507000
10444000
10416000
10374000
10416000
10451000
10437000
10423000
10416000
10416000
10402000
10682000
10381000
10437000
10444000
10493000
11116000
10661000
10640000
10472000
10556000
10703000
10598000
10402000
10423000
10514000
10437000
10430000
10423000
10563000
10416000
10409000
10843000
10927000
10528000
10465000
10423000
10577000
10528000
10430000
10570000
10745000
10402000
10416000
10423000
10423000
10416000
10388000
10423000
10395000
10423000
10409000
10416000
10430000
10409000
10423000
10500000
10437000
10444000
10409000
10430000
10437000
10479000
10423000
10409000
10409000
10451000
10451000
10430000
10416000
10437000
10570000
10570000
10479000
10619000
10549000
10549000
12019000
10444000
11753000
11361000
14189000
11431000
11312000
11480000
11522000
11256000
11872000
11872000
11627000
12054000
13139000
11151000
11095000
11676000
11557000
11207000
13335000
12754000
12257000
12817000
13405000
14007000
12159000
11144000
10479000
10360000
10857000
10738000
10738000
10892000
11039000
10591000
10514000
10682000
11074000
10493000
10549000
10668000
11123000
10451000
10535000
10465000
10479000
10458000
10318000
10507000
10500000
10605000
10493000
10507000
10493000
10514000
11130000
11347000
11249000
11291000
12348000
12390000
12145000
13412000
10696000
12852000
10997000
10682000
10619000
11151000
12663000
13979000
10710000
14399000
12495000
12005000
13692000
13125000
12516000
12110000
11046000
10570000
10374000
10374000
10493000
10465000
10570000
10605000
10647000
10745000
10654000
10668000
10766000
10815000
10731000
10682000
10710000
10843000
10500000
10472000
10395000
10395000
10479000
10563000
10619000
10976000
10759000
10542000
10430000
10563000
10514000
10507000
10500000
10395000
10381000
10556000
10584000
10619000
10605000
10542000
10451000
10514000
10535000
10521000
10584000
10605000
10395000
10353000
10556000
10542000
10479000
10521000
10507000
10437000
10395000
10591000
10500000
12509000
11214000
11186000
10850000
10486000
10472000
10451000
10556000
10458000
10458000
10542000
10437000
10521000
10619000
10780000
10444000
10451000
10444000
10423000
10430000
10451000
10444000
10444000
10521000
10458000
10500000
10479000
10423000
10388000
10444000
10612000
10507000
10521000
10696000
10444000
10528000
12887000
11662000
14882000
10556000
13391000
14805000
12544000
16065000
13727000
15015000
10808000
11837000
14028000
13216000
10710000
10815000
10668000
10661000
10486000
13300000
13958000
15638000
15715000
15953000
15715000
13363000
16009000
11578000
10675000
10570000
10451000
10458000
13895000
14413000
14987000
11809000
14147000
10745000
10864000
10577000
11228000
11109000
11809000
11935000
11620000
10794000
13461000
11270000
10948000
13615000
13090000
13097000
17724000
11088000
12572000
11144000
11130000
21861000
23422000
12999000
11529000
11529000
11144000
11144000
11018000
10955000
10878000
12740000
12740000
10836000
10836000
10689000
11018000
11130000
13020000
11354000
12243000
11361000
10577000
10500000
10493000
10696000
10696000
10577000
10577000
10640000
10465000
10486000
11144000
11921000
11662000
11102000
11291000
12635000
15064000
14693000
11487000
15078000
12565000
11438000
12978000
11207000
14224000
11207000
12089000
10710000
10472000
10444000
10423000
12026000
10710000
10843000
10430000
10437000
10787000
11445000
10892000
11018000
11977000
11711000
10563000
10542000
10486000
10570000
10549000
10549000
11550000
13174000
13636000
10563000
10451000
10619000
10885000
10493000
10521000
10647000
13615000
11872000
11802000
11802000
11466000
10717000
10766000
11158000
12124000
11319000
13650000
11445000
10745000
10766000
11935000
11823000
11627000
11662000
10906000
10661000
10507000
10374000
10423000
10430000
10444000
10458000
10423000
10486000
10458000
10479000
10416000
10521000
10402000
10472000
10570000
10465000
10458000
10458000
10626000
12180000
10899000
10465000
10451000
10451000
10402000
10444000
10423000
10535000
10479000
10563000
10535000
10829000
10416000
10591000
10507000
10423000
10423000
10416000
10458000
10654000
10780000
11319000
10472000
10612000
10934000
10563000
10444000
10976000
10612000
10472000
10444000
10528000
10430000
10521000
10500000
10430000
10458000
10451000
10465000
10451000
10451000
10458000
10472000
10451000
10500000
10479000
10458000
10451000
10542000
10472000
10556000
10465000
10605000
10458000
10416000
10549000
10479000
10465000
10633000
10451000
10444000
10465000
10486000
10465000
10444000
10556000
10444000
10514000
10563000
10451000
10486000
10451000
10458000
10493000
10556000
10563000
10885000
10493000
10815000
10731000
10801000
10598000
10535000
10465000
10479000
10444000
10465000
10430000
10500000
10486000
10703000
10591000
10479000
10465000
10444000
10549000
10878000
11515000
12544000
10927000
13713000
10759000
10843000
11473000
13349000
11865000
12957000
11466000
14203000
12873000
13706000
11459000
11144000
12950000
11039000
11599000
12754000
12754000
13503000
11515000
11627000
11018000
11501000
13076000
15078000
15176000
15449000
15120000
15239000
14847000
10752000
13650000
13293000
12600000
10794000
10654000
12635000
11116000
11361000
11487000
11032000
11326000
11851000
11690000
11074000
10661000
11368000
11067000
13433000
12425000
10570000
10528000
10521000
10717000
10507000
10486000
10766000
10906000
10766000
10584000
10486000
10486000
10514000
10535000
10507000
10493000
17031000
13566000
18361000
12355000
10948000
10780000
11564000
13762000
10724000
11011000
10843000
10906000
10668000
10815000
10556000
10598000
10619000
10654000
10724000
10752000
10892000
10710000
10801000
10801000
10528000
10528000
10542000
10948000
10542000
10976000
10689000
10584000
10857000
10829000
10626000
10528000
10591000
10570000
10521000
10969000
10731000
17794000
14329000
15246000
15246000
19502000
11431000
11130000
11522000
11550000
12768000
10976000
11123000
11060000
12131000
15232000
12075000
13020000
11438000
11431000
11235000
11704000
11837000
11039000
11515000
12831000
11536000
13090000
15190000
10892000
10661000
10647000
10528000
10990000
10556000
10773000
10535000
10668000
10626000
10619000
10521000
10521000
10675000
10661000
10647000
10563000
10493000
10976000
15904000
13034000
11893000
12117000
16443000
21910000
19215000
11382000
14021000
11606000
10885000
11550000
12089000
11606000
11130000
11998000
18613000
12425000
11333000
12292000
11718000
16996000
15932000
16779000
12103000
12320000
10892000
11781000
11151000
11242000
10682000
10556000
11445000
17941000
15253000
12341000
10829000
10710000
10605000
10584000
11998000
10843000
10612000
10654000
10577000
10668000
11431000
13167000
11102000
10843000
10920000
11809000
12670000
11368000
11228000
13566000
12166000
10717000
10521000
10500000
10668000
10563000
10703000
10542000
10556000
10542000
10584000
10668000
10920000
10570000
10626000
10906000
10633000
10668000
13678000
15561000
12012000
11543000
18200000
18879000
19124000
13055000
13132000
13601000
12495000
11522000
11501000
10899000
10836000
10794000
10752000
10633000
10654000
10556000
10794000
10591000
10591000
10619000
10556000
10640000
10542000
10766000
10535000
10591000
10570000
10549000
10605000
11228000
11200000
11158000
10626000
10843000
10661000
10521000
10542000
10591000
10976000
10521000
10451000
10647000
10759000
10514000
10535000
10556000
10528000
10927000
10542000
10605000
12628000
10542000
10710000
10661000
10801000
10633000
10549000
10528000
10731000
10584000
10535000
10528000
10661000
10521000
10535000
10598000
10535000
10528000
10619000
10549000
10584000
10612000
10682000
10570000
10745000
10766000
10528000
10472000
10535000
10542000
10521000
10528000
10556000
10633000
10528000
10577000
10703000
10682000
10549000
10521000
10542000
10696000
10528000
10528000
10640000
10570000
11011000
10535000
10689000
10549000
10773000
10612000
10584000
10997000
10689000
10542000
10563000
10612000
10570000
10556000
10577000
10598000
10507000
10570000
10675000
10528000
10584000
10549000
10689000
10822000
10577000
10549000
10598000
10983000
11039000
11389000
11312000
11319000
10584000
11298000
10850000
10619000
10556000
10927000
10696000
10584000
10927000
10633000
10689000
10934000
10724000
10570000
10598000
10969000
10612000
11025000
10556000
10528000
10500000
10892000
10521000
10794000
10773000
10570000
10633000
11305000
11711000
11900000
11662000
11312000
12096000
15281000
16303000
11711000
10906000
10906000
11186000
11767000
11032000
11172000
11032000
12005000
10962000
10983000
10920000
10822000
10815000
10997000
10591000
10801000
10633000
10605000
10689000
10507000
10556000
10710000
10528000
10542000
10780000
10605000
10570000
10668000
10605000
10535000
10661000
10549000
10640000
10654000
10668000
10528000
10556000
10717000
10535000
10661000
10542000
10556000
10598000
11683000
11746000
10549000
10556000
10556000
10626000
10717000
10556000
10528000
10542000
11291000
11508000
10577000
12229000
15267000
12173000
12257000
11669000
10801000
10794000
10605000
10668000
10598000
10577000
10654000
10577000
10556000
10542000
11025000
10591000
10535000
11956000
10626000
10591000
12803000
11445000
11515000
10934000
10591000
11382000
14252000
11158000
14224000
11438000
12754000
11186000
11123000
10990000
10941000
10829000
10913000
10822000
10745000
10717000
10633000
10675000
10654000
10584000
10759000
13153000
13391000
12852000
12173000
10598000
10605000
10682000
10808000
11067000
12089000
12628000
11333000
12544000
12838000
12306000
14294000
10878000
10822000
11858000
13783000
12306000
11396000
11221000
10815000
10815000
10654000
10661000
10605000
10591000
10570000
10563000
10563000
10633000
10633000
11732000
12208000
11613000
10612000
10612000
10577000
10577000
10633000
10605000
10605000
10689000
10661000
12873000
12873000
11970000
11970000
11872000
11872000
12005000
11459000
10689000
10661000
10689000
10619000
11207000
12320000
12558000
10885000
13174000
11200000
11207000
11207000
12831000
12299000
14847000
13454000
11256000
12257000
12712000
12089000
11865000
11858000
12348000
10871000
10605000
10584000
10591000
10563000
10654000
10570000
10689000
10556000
10661000
10591000
10563000
10591000
10731000
10675000
10612000
10577000
10640000
10591000
10654000
10731000
10682000
10577000
10647000
10584000
10563000
10682000
10605000
10654000
10605000
10605000
10619000
10626000
10633000
10584000
10570000
10738000
11865000
11865000
10619000
11522000
10605000
11970000
11970000
12789000
12789000
11375000
11375000
10920000
10920000
12040000
10836000
12383000
13174000
13300000
12152000
11578000
11410000
12047000
11403000
11914000
11970000
12033000
11116000
10801000
10647000
10612000
10640000
10598000
10570000
10598000
10850000
10836000
12719000
11907000
12726000
10759000
10675000
10626000
10955000
10920000
10619000
10682000
10605000
10591000
10668000
10612000
10605000
10682000
10640000
10689000
10619000
10626000
10689000
10696000
10605000
10633000
10647000
10808000
10640000
10612000
10633000
10661000
10640000
10640000
10710000
10710000
10605000
10668000
10605000
10612000
10647000
10752000
11949000
11067000
10871000
10871000
11018000
11074000
11060000
10871000
10647000
11011000
11088000
14112000
11151000
10892000
10878000
10941000
10759000
10696000
10605000
10612000
10724000
10619000
10591000
10619000
10696000
10605000
10801000
11151000
11760000
10885000
10934000
10990000
11375000
11109000
10710000
10605000
10619000
10556000
10563000
10612000
10633000
10640000
10647000
10696000
10626000
10675000
10605000
10668000
10619000
10640000
10710000
10591000
10619000
10619000
10619000
10598000
10598000
10598000
10626000
10612000
10675000
10710000
10668000
10598000
10654000
10619000
10696000
10682000
10605000
10612000
10626000
10605000
10633000
10682000
10850000
10682000
10675000
10689000
10633000
10696000
10633000
10605000
10612000
11564000
11858000
11389000
11613000
11137000
11704000
10941000
11550000
11123000
10899000
11130000
11186000
11060000
12572000
13685000
11291000
11872000
11242000
11298000
10871000
10850000
11067000
10899000
11480000
11214000
11543000
14252000
13300000
12516000
12082000
11333000
12411000
11347000
11347000
11018000
10661000
10661000
11781000
11333000
11011000
11137000
11046000
10864000
11550000
12047000
12495000
12348000
12180000
12061000
11368000
12089000
11963000
11046000
10724000
10766000
10738000
10927000
11025000
11844000
13622000
11662000
11473000
12460000
12327000
11970000
12404000
12768000
11361000
10941000
10976000
10913000
11865000
11235000
11053000
10661000
10878000
10745000
10745000
10682000
10962000
11599000
12383000
10969000
10724000
10654000
10682000
10654000
10955000
10759000
10766000
11767000
11606000
11704000
11662000
12173000
11746000
12215000
13013000
12047000
11879000
11900000
16604000
13384000
11389000
13454000
11494000
11242000
12208000
11760000
11578000
12754000
11655000
11921000
11186000
10997000
10745000
10745000
10801000
10801000
12978000
12978000
12768000
12768000
11193000
10752000
10626000
10654000
10913000
11459000
12873000
11452000
12278000
11816000
10815000
10633000
10857000
11074000
11004000
10836000
10696000
11242000
10920000
10920000
11158000
11158000
11326000
11942000
11123000
11802000
14861000
11389000
11375000
11249000
11270000
11214000
11144000
11501000
11039000
13258000
11508000
11935000
11207000
10857000
12166000
11249000
11039000
11578000
11774000
11165000
10724000
10640000
10710000
10857000
11109000
10857000
10885000
10864000
10773000
10689000
10647000
10633000
10640000
10724000
10633000
10675000
10654000
10640000
11095000
10682000
10647000
10689000
10647000
10626000
10633000
10584000
10976000
10647000
10647000
10626000
10759000
10647000
10619000
11907000
12719000
11620000
11165000
10668000
10661000
10703000
11060000
10717000
10668000
10696000
10661000
10738000
11396000
12320000
12229000
12005000
13223000
16891000
16870000
15064000
14707000
16541000
13034000
11312000
11704000
12180000
11284000
11284000
11683000
12068000
11557000
11991000
11354000
11214000
11284000
11480000
11347000
11431000
11340000
11865000
12005000
11977000
11620000
11060000
10969000
10913000
11004000
10759000
10808000
10829000
10801000
10703000
10752000
10773000
10787000
10808000
10773000
11298000
12229000
12600000
13300000
12390000
11333000
11319000
11018000
10899000
10836000
10752000
10836000
10773000
10766000
10682000
10717000
11984000
12173000
12005000
11396000
10801000
10983000
10829000
10885000
10955000
10934000
10927000
10815000
10899000
10990000
10836000
10710000
10857000
11067000
10990000
10976000
10857000
10710000
10801000
12740000
11389000
11550000
11823000
11501000
12327000
12271000
12691000
12838000
12642000
11704000
12852000
12810000
11585000
11074000
10976000
10934000
10920000
11270000
10934000
11837000
10836000
10934000
10696000
10759000
10815000
10689000
10724000
10696000
10710000
10731000
10731000
10752000
10710000
12992000
10773000
10913000
10787000
10878000
10724000
10696000
10822000
10801000
10703000
10787000
10738000
10843000
10885000
10815000
10780000
10815000
11053000
12481000
10752000
11228000
10843000
10822000
10780000
10766000
13097000
15239000
12852000
15512000
11179000
10955000
11270000
11263000
11046000
11018000
11032000
10997000
10808000
10822000
10794000
10829000
10717000
10689000
10801000
10717000
10703000
10948000
10808000
10815000
10822000
10787000
10801000
10752000
10731000
10703000
10808000
10808000
10738000
10731000
10822000
10815000
10864000
10766000
10885000
10836000
10801000
10710000
10920000
10717000
10738000
10808000
10745000
10850000
10829000
10780000
10990000
10815000
10766000
11109000
10941000
10787000
10773000
10843000
10892000
10780000
10815000
10787000
10787000
10710000
10710000
10773000
10745000
10864000
10759000
10766000
10738000
10752000
10864000
10857000
11109000
11088000
11627000
12432000
11774000
11445000
11095000
10969000
11382000
11235000
10836000
10871000
10780000
10710000
10822000
10906000
10731000
10766000
10857000
10766000
10850000
10808000
10773000
10850000
10885000
10801000
10794000
10829000
10850000
10787000
10843000
10794000
10717000
10808000
10808000
11060000
11060000
10892000
10787000
10913000
10724000
10885000
10773000
10794000
10738000
10745000
10843000
10787000
10766000
10815000
10801000
10885000
10822000
10801000
10773000
10745000
10731000
10731000
10822000
10843000
11942000
13832000
15008000
16674000
13594000
15547000
12761000
14378000
16709000
12929000
16457000
12852000
11886000
14448000
13755000
15127000
13580000
11886000
13790000
13181000
14168000
14231000
11018000
10997000
10885000
11228000
10997000
10941000
11473000
12705000
11683000
11249000
11004000
10850000
11039000
10794000
11004000
10934000
10829000
10801000
10829000
10969000
10885000
10815000
10822000
10787000
10794000
10815000
10752000
10885000
10738000
10787000
10815000
10927000
10780000
10899000
10850000
10857000
10787000
10850000
10822000
11165000
10976000
10906000
10738000
11179000
10976000
10759000
11242000
11158000
11963000
11690000
10927000
13104000
11480000
13146000
13713000
12264000
11186000
11627000
12229000
11228000
11032000
13384000
12558000
11473000
12166000
11816000
13069000
12390000
11529000
12733000
13545000
11494000
12222000
11788000
11599000
12173000
12019000
11473000
14035000
16464000
20727000
12236000
11739000
11634000
13027000
18221000
11970000
14896000
12201000
15785000
16380000
16394000
16289000
14252000
13153000
11074000
10955000
11109000
13895000
13566000
16016000
12950000
11207000
10962000
11550000
10969000
12208000
13734000
11935000
11935000
11732000
11046000
10773000
10850000
10605000
10598000
10745000
11613000
13972000
13412000
13258000
10857000
12404000
12551000
12922000
12523000
10990000
10941000
10878000
10976000
10731000
10717000
10738000
10955000
10724000
10717000
10738000
12530000
11270000
12012000
12411000
11144000
10738000
10899000
10808000
10794000
10794000
10864000
10738000
11235000
14413000
13608000
15750000
13860000
14203000
11095000
10997000
11060000
11361000
11340000
11046000
11711000
11165000
11333000
11207000
12397000
11074000
11179000
14763000
15043000
15421000
12327000
13545000
14182000
11914000
11228000
11298000
11459000
11473000
11606000
11025000
10780000
10731000
10808000
10738000
10766000
10752000
10927000
10724000
10731000
13244000
13034000
11858000
11116000
11067000
11130000
11123000
11088000
11039000
11053000
12292000
12957000
11025000
11053000
10969000
10955000
10969000
10871000
10752000
10927000
10731000
10717000
10815000
10815000
10815000
10822000
10864000
10801000
10801000
10780000
10794000
10731000
10815000
10801000
10724000
10864000
10738000
10752000
10759000
10724000
11011000
13202000
10836000
11550000
12453000
11018000
10759000
10710000
10717000
10710000
10703000
10766000
10703000
10731000
10710000
11410000
10766000
10836000
12495000
13391000
11487000
10745000
10857000
10759000
10920000
12467000
11557000
10955000
11613000
13195000
11746000
12215000
12068000
14637000
16121000
13692000
12187000
15106000
13769000
13699000
14210000
12957000
11214000
11214000
11767000
12180000
12628000
11648000
11011000
10815000
10745000
10738000
10759000
10717000
10941000
10941000
11578000
11144000
15015000
15015000
15127000
12026000
11921000
12866000
13391000
11809000
13125000
10976000
10976000
11088000
11025000
10983000
10962000
10808000
11018000
10738000
10857000
10766000
10759000
10773000
10787000
10815000
10780000
10738000
10731000
10724000
10906000
11690000
11648000
10920000
10822000
10773000
10815000
10717000
10822000
11144000
10745000
10801000
10801000
10759000
10759000
10955000
10955000
10815000
10815000
10759000
10759000
10745000
10759000
10843000
10766000
10766000
10773000
10766000
10773000
10759000
10864000
10794000
10815000
10808000
10766000
10857000
10766000
11025000
11942000
11158000
11256000
10787000
10759000
10906000
10808000
10759000
10815000
10787000
10682000
10745000
10759000
10766000
12145000
11655000
15449000
14630000
13573000
16450000
14546000
12537000
15561000
15281000
20769000
13090000
14259000
13006000
12439000
17675000
13020000
11116000
11410000
11102000
11319000
13363000
13188000
11655000
11214000
11214000
11228000
11039000
11256000
11067000
12159000
13181000
11879000
11886000
11550000
12586000
12166000
12180000
11970000
13300000
12544000
13216000
11774000
11312000
12467000
12467000
12425000
13930000
19915000
19922000
21616000
15869000
14105000
13363000
12096000
11893000
11774000
12096000
11788000
11858000
11767000
13909000
11872000
11767000
11823000
11830000
11928000
12572000
16716000
12215000
12068000
14616000
11571000
11935000
11837000
11907000
11879000
11760000
12320000
11914000
11837000
12124000
11865000
12019000
12054000
11816000
11879000
11851000
12719000
11886000
13034000
11620000
11634000
11634000
11620000
11494000
15428000
13083000
14511000
14154000
11900000
15127000
12572000
11788000
11970000
11942000
11403000
11732000
11711000
11333000
11291000
11991000
11802000
11529000
11942000
11669000
11634000
11781000
11599000
11543000
15484000
12173000
11998000
15456000
11921000
11746000
11928000
12404000
12404000
11851000
11851000
11900000
12061000
11970000
12019000
12362000
12159000
11935000
11865000
11886000
11886000
12166000
13559000
13559000
13020000
13923000
11907000
11907000
13944000
13944000
11711000
11396000
13867000
13734000
14182000
12306000
11102000
10871000
10913000
10948000
14707000
11984000
11095000
13216000
11613000
14119000
15855000
17143000
17304000
17458000
17283000
17017000
17108000
15967000
11480000
17087000
13678000
15232000
16429000
14182000
15505000
11123000
11123000
11235000
11284000
11158000
12810000
15904000
13524000
11263000
11060000
11137000
11228000
11200000
11123000
10997000
11004000
10913000
14266000
12320000
11305000
11305000
14819000
14819000
15113000
15113000
15939000
17941000
15379000
13160000
12313000
14336000
14266000
14245000
15694000
11564000
11620000
11235000
11200000
11438000
11291000
11165000
11410000
11396000
11179000
10885000
10871000
10920000
10920000
11067000
11291000
10962000
10913000
10941000
11221000
10948000
10934000
11004000
10878000
11186000
11179000
11039000
10990000
10997000
11438000
11298000
11312000
11907000
11396000
11550000
11802000
11991000
11599000
11529000
11361000
11564000
11067000
11739000
10990000
11235000
10997000
10871000
14560000
12453000
14630000
15008000
13433000
13566000
17262000
13755000
14595000
11739000
15162000
11445000
11347000
13699000
11641000
11123000
11123000
11165000
14812000
16030000
13125000
16912000
16632000
14868000
12425000
13328000
13237000
11389000
11242000
11102000
11242000
13125000
14392000
16611000
12824000
17199000
14539000
16492000
16947000
14231000
13174000
15757000
15659000
14945000
13706000
13412000
12775000
12124000
14063000
12250000
15582000
16149000
13132000
12614000
12229000
11774000
12152000
14966000
13489000
11655000
13300000
18312000
12348000
11137000
11095000
11130000
11494000
13510000
12957000
14938000
16583000
16758000
16590000
16912000
16639000
14574000
16618000
15379000
15596000
13181000
14420000
16541000
16058000
14756000
13132000
13132000
11410000
11088000
11235000
15358000
13440000
13307000
11851000
13083000
11158000
13223000
11648000
11151000
11333000
11676000
11340000
11088000
11396000
11536000
11235000
10948000
10899000
10850000
10997000
10962000
10885000
14819000
12439000
14672000
12579000
11977000
11858000
11459000
11648000
12117000
13118000
12866000
13629000
12369000
11522000
11438000
13825000
11326000
11088000
11039000
10913000
10955000
10864000
11200000
10976000
10857000
10990000
10871000
10990000
10885000
10843000
10836000
10829000
11802000
11298000
11298000
11340000
11522000
11095000
11564000
11186000
11382000
11186000
11256000
14588000
11718000
11074000
11130000
11179000
11179000
11298000
11298000
11438000
11060000
11095000
11144000
10878000
11060000
10934000
11256000
10857000
11018000
11340000
11158000
11018000
11396000
11445000
10899000
11438000
11704000
11361000
11060000
11921000
12110000
13454000
14644000
12040000
11389000
11410000
11970000
11354000
11606000
11508000
11473000
14952000
11354000
11312000
11361000
11473000
16366000
11417000
11123000
11340000
11067000
10843000
10871000
10871000
11102000
10969000
10843000
10913000
10899000
11284000
10885000
10976000
10990000
11249000
11046000
10857000
10857000
10878000
11214000
10871000
10962000
10976000
10857000
10899000
11158000
11466000
11305000
11172000
12257000
11361000
11494000
11564000
10857000
10815000
11606000
11018000
11368000
11340000
11711000
11095000
10878000
11795000
10976000
11452000
11669000
11249000
11214000
11403000
11431000
11095000
11571000
10969000
10899000
11053000
11011000
10920000
11186000
10871000
11046000
10920000
10969000
10878000
11382000
10955000
10878000
11837000
11690000
11802000
11893000
12222000
11788000
11585000
11396000
11235000
11165000
11165000
11277000
12005000
11382000
13293000
12236000
11823000
12040000
13384000
14595000
13720000
12264000
15848000
15848000
12873000
16184000
12894000
12754000
12110000
11487000
11410000
11431000
10920000
11466000
13069000
12460000
12145000
11662000
11025000
10976000
11025000
11053000
10927000
11046000
10997000
10990000
10955000
10948000
10955000
11025000
10990000
11102000
10990000
10948000
11039000
10927000
10899000
10899000
10976000
11004000
10913000
11032000
10955000
11053000
11102000
11529000
11130000
11025000
11011000
11109000
10962000
10976000
10913000
10927000
11417000
11088000
11221000
14889000
12152000
12068000
12320000
14210000
13244000
12166000
12159000
12544000
13363000
11837000
12327000
17059000
16079000
13391000
12460000
12082000
12005000
11459000
12306000
12250000
11928000
12201000
15064000
13160000
11095000
10976000
10906000
10927000
10990000
10871000
11207000
11305000
10990000
10885000
10934000
10976000
10976000
10990000
10920000
10920000
10906000
10885000
11032000
10920000
10892000
10962000
10997000
10899000
10948000
10906000
10920000
10920000
10934000
10934000
10976000
10976000
10927000
10927000
10955000
10983000
11480000
10871000
10822000
11102000
10941000
10976000
11305000
11018000
10906000
10920000
10969000
10927000
10920000
10885000
10927000
10899000
10948000
10885000
10885000
10948000
10948000
10899000
11039000
10934000
10969000
10892000
10906000
10899000
10920000
10871000
10899000
10969000
10885000
10969000
11004000
10913000
10885000
10927000
10969000
11263000
10955000
11109000
10955000
10969000
11004000
11074000
11074000
10990000
10920000
10878000
10941000
10976000
10983000
11452000
10906000
10899000
10941000
10976000
10906000
11032000
11046000
10997000
10892000
10906000
10969000
11046000
11242000
10899000
10906000
11011000
10927000
10927000
10983000
10948000
10871000
11025000
11046000
10878000
10892000
10997000
10969000
11186000
10969000
10892000
10927000
11074000
10983000
11025000
10997000
10899000
10920000
11165000
11004000
10969000
10962000
10899000
10955000
10962000
11004000
10941000
11025000
10913000
10976000
11004000
10955000
10927000
11298000
11102000
10920000
11039000
10885000
10934000
11046000
10906000
10976000
10955000
11291000
10920000
10948000
11004000
10906000
11067000
11193000
11123000
10934000
11137000
12628000
12852000
11795000
11284000
11165000
11837000
11354000
11627000
11459000
11165000
11214000
11144000
11956000
12019000
11354000
14994000
12271000
15841000
12677000
11711000
12264000
13020000
15008000
16296000
13993000
15736000
15169000
11949000
14602000
15211000
17262000
11256000
11144000
15351000
12957000
15043000
12901000
16205000
12663000
11340000
11298000
12936000
11242000
11312000
11256000
11291000
11221000
11165000
11144000
13426000
13895000
16744000
16786000
14770000
16737000
13034000
12551000
12313000
11501000
11725000
11214000
11781000
12873000
12145000
11921000
12180000
13538000
12229000
12922000
12355000
11963000
12789000
11326000
11102000
11186000
10990000
11242000
15169000
13370000
12096000
11242000
12068000
16716000
14091000
14679000
12152000
11599000
12992000
12145000
12390000
11564000
11536000
11501000
11536000
11935000
15799000
11725000
15148000
17360000
13307000
16254000
16793000
14280000
13601000
12712000
14077000
13314000
14686000
13615000
15932000
15540000
12369000
11564000
11410000
11277000
11165000
11487000
11606000
11242000
11550000
11466000
11403000
10920000
11130000
11256000
11200000
11592000
11739000
11305000
11382000
11277000
11186000
11284000
11207000
11081000
11081000
11074000
11354000
11214000
11144000
13440000
13349000
13349000
12229000
11193000
15813000
11529000
11970000
11949000
12236000
12229000
12194000
12544000
11935000
